date,close
1905-06-30,0.3146975284498761
1905-07-31,0.3146975284498761
1905-08-31,0.3382998430836169
1905-09-30,0.3671471165248555
1905-10-31,0.3802595135436003
1905-11-29,0.5140059631347977
1905-12-30,0.4982710867123039
1906-01-31,0.4982710867123039
1906-02-28,0.4982710867123039
1906-03-31,0.4982710867123039
1906-04-30,0.5087610043272998
1906-05-31,0.5140059631347977
1906-06-30,0.5140059631347977
1906-07-31,0.5140059631347977
1906-08-31,0.5140059631347977
1906-09-29,0.5140059631347977
1906-10-31,0.4982710867123039
1906-11-30,0.4772912514823122
1906-12-30,0.4772912514823122
1907-01-31,0.4772912514823122
1907-02-28,0.44582149863732456
1907-03-29,0.4248416634073328
1907-04-30,0.4248416634073328
1907-05-31,0.4615563750598184
1907-06-29,0.4720462926748142
1907-07-31,0.4563114162523204
1907-08-30,0.4405765398298266
1915-02-27,0.8391934091996698
1915-03-31,0.8391934091996698
1915-04-30,0.8391934091996698
1915-05-29,0.8391934091996698
1915-06-30,0.8391934091996698
1915-07-31,0.8654182032371595
1915-08-31,0.8391934091996698
1915-09-30,0.8916429972746491
1915-10-30,0.8391934091996698
1915-11-30,0.9440925853496284
1915-12-31,0.9440925853496284
1916-01-31,0.9676948999833692
1916-02-29,0.9440925853496284
1916-03-31,0.9440925853496284
1916-04-29,0.9703173793871182
1916-05-31,0.9834297764058628
1916-06-30,0.9703173793871182
1916-07-31,0.9703173793871182
1916-08-31,0.9703173793871182
1916-09-30,0.8654182032371595
1916-10-31,1.0201444880583486
1916-11-29,1.0175220086545995
1916-12-29,1.0489917614995872
1917-01-31,1.140778540630801
1917-02-28,1.1801157316870357
1917-03-31,1.2587901137995046
1917-04-30,1.2063405257245252
1917-05-31,1.2063405257245252
1917-06-30,1.2063405257245252
1917-07-31,1.2063405257245252
1917-08-31,1.2063405257245252
1917-09-29,1.2063405257245252
1917-10-31,1.2063405257245252
1917-11-30,1.140778540630801
1917-12-31,1.1276661436120563
1918-01-31,1.1276661436120563
1918-02-28,0.8260810121809249
1918-03-30,0.9440925853496284
1918-04-30,0.9467150647533774
1918-05-31,0.9309801883308836
1918-06-29,0.9309801883308836
1918-07-31,0.9309801883308836
1918-08-31,0.9362251471383816
1918-09-30,0.9362251471383816
1918-10-31,0.9440925853496284
1918-11-30,0.9440925853496284
1918-12-31,0.9572049823683731
1919-01-31,0.9572049823683731
1919-02-28,0.9440925853496284
1919-03-31,0.9440925853496284
1919-04-30,0.9624499411758712
1919-05-29,1.0201444880583486
1919-06-30,1.0411243232883405
1919-07-31,1.075216555537077
1919-08-29,1.0489917614995872
1919-09-30,1.0489917614995872
1919-10-31,1.046369282095838
1919-11-29,1.0621041585183322
1919-12-31,1.0489917614995872
1920-01-31,1.0489917614995872
1920-02-28,1.0489917614995872
1920-03-31,1.1014413495745663
1920-04-30,1.1014413495745663
1920-05-29,1.0909514319595706
1920-06-30,1.0227669674620974
1920-07-31,1.0201444880583486
1920-08-31,0.9440925853496284
1920-09-30,0.9965421734246078
1920-10-30,0.9965421734246078
1920-11-30,0.9886747352133608
1920-12-31,0.9834297764058628
1921-01-31,0.9572049823683731
1921-02-28,0.9572049823683731
1921-03-31,0.9572049823683731
1921-04-30,0.9440925853496284
1921-05-31,0.9440925853496284
1921-06-30,0.8916429972746491
1921-07-30,0.8916429972746491
1921-08-31,0.8916429972746491
1921-09-30,0.8916429972746491
1921-10-31,0.904755394293394
1921-12-31,1.0358793644808424
1922-01-31,1.0358793644808424
1922-02-28,1.0358793644808424
1922-03-31,1.0489917614995872
1922-04-29,1.0489917614995872
1922-05-31,1.0489917614995872
1922-06-30,1.0358793644808424
1922-07-31,1.0280119262695957
1922-09-30,1.056859199710834
1922-11-29,1.0411243232883405
1922-12-30,1.0489917614995872
1923-03-31,0.5966140643528902
1923-04-30,0.5966140643528902
1923-05-31,0.5782567085266475
1923-06-30,0.5736673695700868
1923-08-31,0.569078030613526
1923-09-29,0.569078030613526
1923-10-31,0.569078030613526
1923-11-30,0.569078030613526
1924-04-30,0.5644886916569654
1924-05-29,0.5644886916569654
1924-06-30,0.5553100137438439
1924-10-31,0.5553100137438439
1924-12-31,0.5598993527004047
1925-01-31,0.5553100137438439
1925-02-28,0.569078030613526
1925-03-31,0.569078030613526
1925-04-30,0.569078030613526
1925-05-29,0.569078030613526
1925-07-31,0.569078030613526
1925-09-30,0.5920247253963296
1925-10-31,0.6241500980922544
1925-11-30,0.6379181149619365
1925-12-31,0.6241500980922544
1926-01-30,0.6333287760053757
1926-02-27,0.6241500980922544
1926-03-31,0.6103820812225723
1926-04-30,0.6057927422660117
1926-05-28,0.6057927422660117
1926-06-30,0.5966140643528902
1926-07-31,0.5851407169614885
1926-08-31,0.5828460474832081
1926-09-30,0.5782567085266475
1926-10-30,0.569078030613526
1926-11-30,0.5461313358307226
1926-12-31,0.5415419968741619
1927-01-31,0.5507206747872833
1927-02-28,0.548426005309003
1927-03-31,0.5507206747872833
1927-04-30,0.5621940221786851
1927-06-30,0.5530153442655636
1927-07-30,0.5874353864397688
1927-08-31,0.6080874117442919
1927-09-30,0.6057927422660117
1927-10-31,0.6425074539184972
1927-11-30,0.6195607591356936
1928-02-28,0.5369526579176012
1928-03-31,0.5415419968741619
1928-04-30,0.6425074539184972
1928-05-31,0.6241500980922544
1928-06-30,0.5874353864397688
1928-07-31,0.6195607591356936
1928-08-31,0.6425074539184972
1928-09-29,0.7044635298320665
1928-10-31,0.7342942330497111
1928-11-30,0.7710089447021966
1928-12-31,0.8719744017465318
1929-01-31,0.8536170459202891
1929-02-28,0.8260810121809249
1929-03-28,0.7342942330497111
1929-04-30,0.7847769615718787
1929-05-31,0.7710089447021966
1929-06-29,0.766419605745636
1929-07-31,0.8811530796596533
1929-08-30,1.046369282095838
1929-09-30,1.1622500907489957
1929-10-31,0.8260810121809249
1929-11-27,0.7434729109628324
1929-12-31,0.7067581993103469
1930-01-31,0.6826641697884033
1930-02-28,0.7067581993103469
1930-03-31,0.7434729109628324
1930-04-30,0.8169023342678036
1930-05-29,0.8065763216155419
1930-06-30,0.6975795213972255
1930-07-31,0.760682932049935
1930-08-29,0.8008396479198411
1930-09-30,0.7067581993103469
1930-10-31,0.7021688603537862
1930-11-29,0.674632826614422
1930-12-31,0.59546672961375
1931-01-31,0.6103820812225723
1931-02-28,0.6884008434841041
1931-03-31,0.6849588392666836
1931-04-30,0.6516861318316185
1931-05-29,0.5415419968741619
1931-06-30,0.569078030613526
1931-07-31,0.5369526579176012
1931-08-31,0.5598993527004047
1931-09-30,0.36599978178571535
1931-10-31,0.4222191840035838
1931-11-30,0.4095985018730419
1931-12-31,0.3694417860031359
1932-01-30,0.3579684386117341
1932-02-29,0.32584306591580925
1932-03-31,0.2156989309583526
1932-04-30,0.2065202530452312
1932-05-31,0.1548901897839234
1932-06-30,0.15833219400134393
1932-07-30,0.17898421930586705
1932-08-31,0.17439488034930636
1932-09-30,0.1560375245230636
1932-10-31,0.11473347391401735
1932-11-30,0.11014413495745666
1932-12-31,0.10670213074003614
1933-01-31,0.09178677913121387
1933-02-28,0.06654541487013006
1933-03-31,0.08490277069637284
1933-04-29,0.1480061813490824
1933-05-31,0.1904575666972688
1933-06-30,0.2294669478280347
1933-07-31,0.1560375245230636
1933-08-31,0.1606268634796243
1933-09-30,0.11473347391401735
1933-10-31,0.1078494654791763
1933-11-29,0.11129146969659684
1933-12-30,0.09752345282691474
1934-01-31,0.1514481855665029
1934-02-28,0.14112217291424134
1934-03-31,0.13366449710983022
1934-04-30,0.1468588466099422
1934-05-31,0.14571151187080206
1934-06-30,0.1468588466099422
1934-07-31,0.1170281433922977
1934-08-31,0.17210021087102606
1934-09-29,0.16521620243618498
1934-10-31,0.1560375245230636
1934-11-30,0.16521620243618498
1934-12-31,0.15947952874048413
1935-01-31,0.1560375245230636
1935-02-28,0.16751087191446534
1935-03-30,0.14628517924037213
1935-04-30,0.15030085082736272
1935-05-31,0.1480061813490824
1935-06-29,0.14972718345779265
1935-07-31,0.14571151187080206
1935-08-31,0.1428431750229516
1935-09-30,0.1434168423925217
1935-10-31,0.1468588466099422
1935-11-30,0.16980554139274567
1935-12-31,0.16751087191446534
1936-01-31,0.17554221508844656
1936-02-29,0.17668954982758672
1936-03-31,0.2088149225235116
1936-04-30,0.18701556247984827
1936-05-29,0.2088149225235116
1936-06-30,0.2214356046540535
1936-07-31,0.2156989309583526
1936-08-31,0.1990625772408201
1936-09-30,0.21340426148007227
1936-10-31,0.21799360043663296
1936-11-30,0.2386456257411561
1936-12-31,0.2340562867845954
1937-01-30,0.2386456257411561
1937-02-27,0.24552963417599716
1937-03-31,0.2340562867845954
1937-04-30,0.224877608871474
1937-05-28,0.21340426148007227
1937-06-30,0.2111095920017919
1937-07-31,0.2283196130888945
1937-08-31,0.2156989309583526
1937-09-30,0.18816289721898846
1937-10-30,0.16521620243618498
1937-11-30,0.1560375245230636
1937-12-31,0.1376801686968208
1938-01-31,0.14915351608822255
1938-02-28,0.1480061813490824
1938-03-31,0.1078494654791763
1938-04-30,0.1376801686968208
1938-05-31,0.13940117080553108
1938-06-30,0.1560375245230636
1938-07-30,0.16349520032747472
1938-08-31,0.14972718345779265
1938-09-30,0.1480061813490824
1938-10-31,0.16406886769704482
1938-11-30,0.15718485926220374
1938-12-31,0.16980554139274567
1939-01-31,0.16406886769704482
1939-02-28,0.1812788887841474
1939-03-31,0.16980554139274567
1939-04-29,0.1824262235232876
1939-05-31,0.2065202530452312
1939-06-30,0.2042255835669509
1939-07-31,0.24094029521943644
1939-08-31,0.2111095920017919
1939-09-30,0.2386456257411561
1939-10-31,0.2501189731325578
1939-11-30,0.24094029521943644
1939-12-30,0.25356097734997834
1940-01-31,0.2547083120891185
1940-02-29,0.2506926405021279
1940-03-30,0.25815031630653906
1940-04-30,0.30519104061128616
1940-05-31,0.21340426148007227
1940-06-29,0.21340426148007227
1940-07-31,0.2111095920017919
1940-08-31,0.2162725983279227
1940-09-30,0.21741993306706286
1940-10-31,0.2088149225235116
1940-11-30,0.22430394150190391
1940-12-31,0.21914093517577315
1941-01-31,0.2122569267409321
1941-02-28,0.2042255835669509
1941-03-31,0.21283059411050215
1941-04-30,0.21340426148007227
1941-05-31,0.2208619372844834
1941-06-30,0.2432349646977168
1941-07-31,0.2420876299585766
1941-08-30,0.251266307871698
1941-09-30,0.2432349646977168
1941-10-31,0.23979296048029625
1941-11-29,0.2386456257411561
1941-12-31,0.20193091408867053
1942-01-31,0.21340426148007227
1942-02-28,0.21512526358878253
1942-03-31,0.2007835793495304
1942-04-30,0.19275223617554915
1942-05-29,0.20537291830609106
1942-06-30,0.21283059411050215
1942-07-31,0.21856726780620306
1942-08-31,0.2306142825671749
1942-09-30,0.22774594571932444
1942-10-31,0.22774594571932444
1942-11-30,0.2220092720236236
1942-12-31,0.2265986109801843
1943-01-30,0.23176161730631506
1943-02-27,0.24782430365427746
1943-03-31,0.25815031630653906
1943-04-30,0.26618165948052025
1943-05-29,0.2851126826763331
1943-06-30,0.2868336847850434
1943-07-31,0.2891283542633237
1943-08-31,0.28855468689375363
1943-09-30,0.3000280342851553
1943-10-30,0.3000280342851553
1943-11-30,0.28855468689375363
1943-12-31,0.29314402585031435
1944-01-31,0.30174903639386563
1944-02-29,0.2994543669155853
1944-03-31,0.30519104061128616
1944-04-29,0.2902756890024639
1944-05-31,0.30429153017580024
1944-06-30,0.3160402379045956
1944-07-31,0.3324884287249092
1944-08-31,0.3242643333147524
1944-09-30,0.32132715638255355
1944-10-31,0.3477617487723432
1944-11-30,0.3524612318638613
1944-12-30,0.3436497010672648
1945-01-31,0.35833558572825897
1945-02-28,0.3759586473214521
1945-03-31,0.3518737964774216
1945-04-30,0.3853576135044884
1945-05-31,0.4182539951451154
1945-06-30,0.39710632123328377
1945-07-31,0.3953440150739645
1945-08-31,0.4018058043248019
1945-09-29,0.4088550289620791
1945-10-31,0.4558498598772606
1945-11-30,0.4699483091518151
1945-12-31,0.5451400386161055
1946-01-31,0.6203317680803959
1946-02-28,0.5404405555245874
1946-03-30,0.5774489848702927
1946-04-30,0.6062333188058414
1946-05-31,0.6485286666295048
1946-06-28,0.6109328018973597
1946-07-31,0.5839107741211302
1946-08-30,0.498145207700924
1946-09-30,0.5169431400669966
1946-10-31,0.4793472753348514
1946-11-30,0.5145933985212375
1946-12-31,0.5921348695312869
1947-01-31,0.4746477922433333
1947-02-28,0.4699483091518151
1947-03-31,0.4511503767857425
1947-04-30,0.40415554587056096
1947-05-29,0.4229534782366336
1947-06-30,0.4288278321010313
1947-07-31,0.4746477922433333
1947-08-29,0.4482131998535436
1947-09-30,0.4264780905552722
1947-10-31,0.4182539951451154
1947-11-29,0.3959314504604042
1947-12-31,0.3477617487723432
1948-01-31,0.3313135579520297
1948-02-28,0.3078161424944389
1948-03-31,0.3266140748605115
1948-04-30,0.3407125241350659
1948-05-28,0.3647973749790965
1948-06-30,0.3477617487723432
1948-07-30,0.3360130410435478
1948-08-31,0.3336632994977887
1948-09-30,0.3160402379045956
1948-10-30,0.3360130410435478
1948-11-30,0.3001794824707219
1948-12-31,0.30076691785716164
1949-01-31,0.3195648502232343
1949-02-28,0.3148653671317161
1949-03-31,0.3524612318638613
1949-04-30,0.3712591642299339
1949-05-31,0.3912319673688861
1949-06-30,0.4135545120535973
1949-07-29,0.43235244441966986
1949-08-31,0.45232524755862197
1949-09-30,0.5122436569754785
1949-10-31,0.5051944323382012
1949-11-30,0.5780364202567325
1949-12-31,0.5686374540736963
1950-01-31,0.5850856448940098
1950-02-28,0.6062333188058414
1950-03-31,0.6109328018973597
1950-04-29,0.6038835772600823
1950-05-31,0.6250312511719139
1950-06-30,0.5639379709821781
1950-07-31,0.5827359033482507
1950-08-31,0.6508784081752639
1950-09-29,0.5921348695312869
1950-10-31,0.5921348695312869
1950-11-30,0.6156322849888778
1950-12-30,0.5827359033482507
1951-01-31,0.6391297004464686
1951-02-28,0.6673265989955774
1951-03-31,0.6532281497210229
1951-04-30,0.6767255651786137
1951-05-31,0.6579276328125411
1951-06-29,0.5968343526228052
1951-07-31,0.6861245313616501
1951-08-31,0.6955234975446863
1951-09-28,0.6696763405413365
1951-10-31,0.6908240144531682
1951-11-30,0.6485286666295048
1951-12-31,0.6720260820870956
1952-01-31,0.6696763405413365
1952-02-29,0.6638019866769388
1952-03-31,0.6626271159040593
1952-04-30,0.6508784081752639
1952-05-29,0.6626271159040593
1952-06-30,0.6579276328125411
1952-07-31,0.6955234975446863
1952-08-29,0.7213706545480362
1952-09-30,0.6978732390904454
1952-10-31,0.7143214299107591
1952-11-28,0.7378188453683496
1952-12-31,0.7354691038225906
1953-01-30,0.7425183284598679
1953-02-27,0.7284198791853134
1953-03-31,0.7049224637277226
1953-04-30,0.6802501774972524
1953-05-29,0.6696763405413365
1953-06-30,0.6602773743583001
1953-07-31,0.7260701376395543
1953-08-31,0.7284198791853134
1953-09-30,0.7284198791853134
1953-10-30,0.7495675530971451
1953-11-30,0.7613162608259404
1953-12-31,0.7683654854632177
1954-01-29,0.8153603163783991
1954-02-26,0.7871634178292902
1954-03-31,0.8083110917411219
1954-04-30,0.8365079902902308
1954-05-28,0.8600054057478216
1954-06-30,0.8741038550223761
1954-07-30,0.9633940337612208
1954-08-31,0.8506064395647853
1954-09-30,0.9070002366630032
1954-10-29,0.9116997197545212
1954-11-30,0.930497652120594
1954-12-31,1.015088347767921
1955-01-31,0.968093516852739
1955-02-28,1.0056893815848842
1955-03-31,1.0056893815848842
1955-04-29,0.9774924830357754
1955-05-31,1.015088347767921
1955-06-30,1.038585763225511
1955-07-29,1.0456349878627886
1955-08-31,1.038585763225511
1955-09-30,0.9868914492188116
1955-10-31,0.9539950675781846
1955-11-30,0.9492955844866664
1955-12-30,0.9293227813477144
1956-01-31,0.9210986859375576
1956-02-29,0.9375468767578712
1956-03-29,0.9868914492188116
1956-04-30,0.9163992028460394
1956-05-31,0.9116997197545212
1956-06-29,0.9633940337612208
1956-07-31,1.0197878308594388
1956-08-31,1.0009898984933658
1956-09-28,0.930497652120594
1956-10-31,0.8999510120257259
1956-11-30,0.9586945506697028
1956-12-31,0.9915909323103298
1957-01-31,0.930497652120594
1957-02-28,0.8929017873884486
1957-03-01,0.8976012704799669
1957-03-29,0.9216861213239972
1957-04-01,0.9304976521205938
1957-04-30,0.9340222644392324
1957-05-01,0.9304976521205938
1957-05-31,1.4803371738282176
1957-06-03,1.4961979292620915
1957-06-28,1.3534511303572276
1957-07-01,1.3534511303572276
1957-07-31,1.44861566296047
1957-08-01,1.4274679890486384
1957-08-30,1.4274679890486384
1957-09-03,1.4274679890486384
1957-09-30,1.3534511303572276
1957-10-01,1.3693118857911013
1957-10-31,1.3217296194894799
1957-11-01,1.3217296194894799
1957-11-29,1.3111557825335642
1957-12-02,1.3481642118792696
1957-12-31,1.4327549075265964
1958-01-02,1.4274679890486384
1958-01-31,1.5120586846959652
1958-02-03,1.5014848477400493
1958-02-28,1.5543540325196286
1958-03-03,1.5702147879535022
1958-03-31,1.6495185651228708
1958-04-01,1.6389447281669551
1958-04-30,1.6495185651228708
1958-05-01,1.6548054836008292
1958-05-29,1.850421467285272
1958-06-02,1.8292737933734404
1958-06-30,1.7869784455497768
1958-07-01,1.7869784455497768
1958-07-31,1.850421467285272
1958-08-01,1.8609953042411882
1958-08-29,1.9032906520648512
1958-09-02,1.9561598368444304
1958-09-30,1.9614467553223884
1958-10-01,1.9455859998885143
1958-10-31,1.8609953042411882
1958-11-03,1.8662822227191456
1958-11-28,1.9350121629325987
1958-12-01,1.913864489020767
1958-12-31,1.8768560596750616
1959-01-02,1.8609953042411882
1959-01-30,2.0301766955358413
1959-02-02,2.0090290216240096
1959-02-27,2.0090290216240096
1959-03-02,2.014315940101968
1959-03-31,2.0301766955358413
1959-04-01,2.014315940101968
1959-04-30,2.0936197172713364
1959-05-01,2.0724720433595047
1959-05-29,2.0830458803154204
1959-06-01,2.0883327987933784
1959-06-30,2.135915065095
1959-07-01,2.188784249874579
1959-07-31,2.135915065095
1959-08-03,2.135915065095
1959-08-31,2.114767391183168
1959-09-01,2.135915065095
1959-09-30,2.0301766955358413
1959-10-01,2.0090290216240096
1959-10-30,2.0090290216240096
1959-11-02,2.0090290216240096
1959-11-30,2.0724720433595047
1959-12-01,2.114767391183168
1959-12-31,2.320957211823527
1960-01-04,2.2892357009557798
1960-01-29,2.225792679220284
1960-02-01,2.2998095379116954
1960-02-29,2.040750532491757
1960-03-01,2.0301766955358413
1960-03-31,2.0090290216240096
1960-04-01,2.028854965916352
1960-04-29,2.035463614013799
1960-05-02,2.055289558306141
1960-05-31,2.213897112644879
1960-06-01,2.220505760742326
1960-06-30,2.405547907470853
1960-07-01,2.4253738517631955
1960-07-29,2.4980689808351166
1960-08-01,2.4650257403478797
1960-08-31,2.6236332946866177
1960-09-01,2.64345923897896
1960-09-30,2.4584170922504325
1960-10-03,2.564155461809591
1960-10-31,2.557546813712144
1960-11-01,2.5905900541993807
1960-11-30,2.7491976085381182
1960-12-01,2.7491976085381182
1960-12-30,2.861544626194724
1961-01-03,2.815284089512592
1961-01-31,3.2514548639441205
1961-02-01,3.2514548639441205
1961-02-28,3.2250202715543312
1961-03-01,3.198585679164541
1961-03-30,3.284498104431357
1961-04-03,3.2977154006262523
1961-04-28,3.132499198190068
1961-05-01,3.1060646058002783
1961-05-31,3.0928473096053835
1961-06-01,3.0664127172155933
1961-06-30,2.9738916438513296
1961-07-03,2.934239755266645
1961-07-31,3.198585679164541
1961-08-01,3.172151086774752
1961-08-31,3.48275754735478
1961-09-01,3.535626732134358
1961-09-29,3.647973749790965
1961-10-02,3.647973749790965
1961-10-31,3.912319673688861
1961-11-01,3.9387542660786496
1961-11-30,4.084144524222493
1961-12-01,4.150231005196966
1961-12-29,3.700842934570544
1962-01-02,3.753712119350123
1962-01-31,3.489366195452227
1962-02-01,3.4761488992573324
1962-02-28,3.423279714477753
1962-03-01,3.515800787842017
1962-03-30,3.667799694083307
1962-04-02,3.654582397888412
1962-04-30,3.357193233503279
1962-05-01,3.357193233503279
1962-05-31,2.808675441415145
1962-06-01,2.9011965147794085
1962-06-29,2.5112862770300115
1962-07-02,2.6368505908815125
1962-07-31,2.79545814522025
1962-08-01,2.64345923897896
1962-08-31,2.735980312343224
1962-09-04,2.7491976085381182
1962-09-28,2.7161543680508813
1962-10-01,2.7095457199534336
1962-10-31,2.6831111275636443
1962-11-01,2.7095457199534336
1962-11-30,2.9871089400462245
1962-12-03,2.9606743476564352
1962-12-31,3.09945595770283
1963-01-02,3.09945595770283
1963-01-31,3.410062418282858
1963-02-01,3.3175413449185944
1963-02-28,3.3439759373083837
1963-03-01,3.2778894563339103
1963-03-29,3.340010748449916
1963-04-01,3.3663792543587308
1963-04-30,3.2521157287538656
1963-05-01,3.2521157287538656
1963-05-31,3.3575897523891256
1963-06-03,3.340010748449916
1963-06-28,3.2872737366322853
1963-07-01,3.2960632386018904
1963-07-31,3.4015372622371514
1963-08-01,3.3927477602675458
1963-08-30,3.375168756328337
1963-09-03,3.375168756328337
1963-09-30,3.322431744510705
1963-10-01,3.3488002504195213
1963-10-31,3.3312212464803106
1963-11-01,3.3312212464803106
1963-11-29,3.4015372622371514
1963-12-02,3.3488002504195213
1963-12-31,3.656432819355697
1964-01-02,3.691590827234117
1964-01-31,3.928907380413453
1964-02-03,3.9025388745046383
1964-02-28,3.8585913646566135
1964-03-02,3.9025388745046383
1964-03-31,3.797064850869378
1964-04-01,3.779485846930168
1964-04-30,4.043170906018319
1964-05-01,3.9376968823830585
1964-05-28,4.122276423744764
1964-06-01,4.1046974198055555
1964-06-30,4.3947509848025215
1964-07-01,4.3595929769241
1964-07-31,4.438698494650546
1964-08-03,4.42990899268094
1964-08-31,4.4211194907113365
1964-09-01,4.37717198086331
1964-09-30,4.23653994934963
1964-10-01,4.227750447380025
1964-10-30,4.2101714434408155
1964-11-02,4.175013435562395
1964-11-30,4.4211194907113365
1964-12-01,4.4211194907113365
1964-12-31,4.711173055708303
1965-01-04,4.746331063586721
1965-01-29,5.036384628583689
1965-02-01,5.062753134492504
1965-02-26,4.966068612826848
1965-03-01,4.930910604948427
1965-03-31,6.703125
1965-04-01,6.65625
1965-04-30,6.71875
1965-05-03,6.71875
1965-05-28,6.875
1965-06-01,6.875
1965-06-30,6.46875
1965-07-01,6.4375
1965-07-30,6.265625
1965-08-02,6.3125
1965-08-31,6.4375
1965-09-01,6.46875
1965-09-30,6.625
1965-10-01,6.59375
1965-10-29,6.3125
1965-11-01,6.25
1965-11-30,6.296875
1965-12-01,6.265625
1965-12-31,6.5
1966-01-03,6.5
1966-01-31,7.015625
1966-02-01,7.09375
1966-02-28,7.078125
1966-03-01,7.046875
1966-03-31,6.875
1966-04-01,6.78125
1966-04-29,6.546875
1966-05-02,6.5
1966-05-31,6.28125
1966-06-01,6.3125
1966-06-30,5.890625
1966-07-01,5.90625
1966-07-29,6.125
1966-08-01,6.078125
1966-08-31,5.609375
1966-09-01,5.59375
1966-09-30,5.375
1966-10-03,5.34375
1966-10-31,5.640625
1966-11-01,5.78125
1966-11-30,6.0
1966-12-01,6.015625
1966-12-30,6.359375
1967-01-03,6.21875
1967-01-31,5.75
1967-02-01,5.75
1967-02-28,5.765625
1967-03-01,5.90625
1967-03-31,6.25
1967-04-03,6.125
1967-04-28,6.6875
1967-05-01,6.625
1967-05-31,6.4375
1967-06-01,6.625
1967-06-30,6.71875
1967-07-03,6.796875
1967-07-31,7.875
1967-08-01,7.859375
1967-08-31,7.40625
1967-09-01,7.46875
1967-09-29,8.109375
1967-10-02,8.015625
1967-10-31,7.46875
1967-11-01,7.484375
1967-11-30,7.875
1967-12-01,7.84375
1967-12-29,7.75
1968-01-02,7.78125
1968-01-31,7.34375
1968-02-01,7.203125
1968-02-29,7.21875
1968-03-01,7.265625
1968-03-29,7.328125
1968-04-01,7.34375
1968-04-30,8.375
1968-05-01,8.375
1968-05-31,8.640625
1968-06-03,8.625
1968-06-28,8.75
1968-07-01,8.78125
1968-07-30,9.203125
1968-08-01,9.203125
1968-08-30,9.0
1968-09-03,9.0
1968-09-30,10.328125
1968-10-01,9.9375
1968-10-31,9.71875
1968-11-01,9.671875
1968-11-29,10.3125
1968-12-02,10.375
1968-12-31,9.5
1969-01-02,9.53125
1969-01-31,19.9375
1969-02-03,19.90625
1969-02-28,17.75
1969-03-03,17.75
1969-03-28,17.0625
1969-04-01,17.0625
1969-04-30,18.75
1969-05-01,18.75
1969-05-29,19.4375
1969-06-02,19.25
1969-06-30,18.8125
1969-07-01,18.9375
1969-07-31,17.0
1969-08-01,17.0
1969-08-29,17.6875
1969-09-02,18.125
1969-09-30,18.3125
1969-10-01,18.25
1969-10-31,19.75
1969-11-03,20.0625
1969-11-28,19.0
1969-12-01,19.25
1969-12-31,18.125
1970-01-02,18.625
1970-01-30,19.0
1970-02-02,18.8125
1970-02-27,19.25
1970-03-02,19.25
1970-03-31,17.625
1970-04-01,17.5
1970-04-30,15.4375
1970-05-01,14.5
1970-05-29,14.3125
1970-06-01,14.9375
1970-06-30,12.875
1970-07-01,12.875
1970-07-31,14.6875
1970-08-03,14.9375
1970-08-31,14.6875
1970-09-01,14.375
1970-09-30,15.75
1970-10-01,16.0
1970-10-30,15.75
1970-11-02,16.125
1970-11-30,15.75
1970-12-01,15.8125
1970-12-31,17.8125
1971-01-04,17.6875
1971-01-29,18.75
1971-02-01,18.9375
1971-02-26,19.0
1971-03-01,19.0
1971-03-31,19.25
1971-04-01,19.0
1971-04-30,20.5
1971-05-03,20.25
1971-05-28,19.375
1971-06-01,19.5625
1971-06-30,21.125
1971-07-01,21.0625
1971-07-30,21.0
1971-08-02,20.5625
1971-08-31,20.75
1971-09-01,20.625
1971-09-30,20.5
1971-10-01,20.4375
1971-10-29,20.375
1971-11-01,20.1875
1971-11-30,19.625
1971-12-01,19.6875
1971-12-31,21.5
1972-01-03,21.6875
1972-01-31,23.1875
1972-02-01,23.25
1972-02-29,23.125
1972-03-01,22.9375
1972-03-30,22.3125
1972-04-03,22.0625
1972-04-28,22.75
1972-05-01,22.75
1972-05-31,22.9375
1972-06-01,22.625
1972-06-30,22.625
1972-07-03,22.6875
1972-07-31,22.625
1972-08-01,22.8125
1972-08-31,24.75
1972-09-01,24.6875
1972-09-29,24.8125
1972-10-02,24.8125
1972-10-31,25.6875
1972-11-01,25.875
1972-11-30,27.3125
1972-12-01,27.625
1972-12-29,27.75
1973-01-02,27.875
1973-01-31,28.875
1973-02-01,28.0
1973-02-28,25.875
1973-03-01,25.125
1973-03-30,27.0
1973-04-02,25.375
1973-04-30,24.875
1973-05-01,25.125
1973-05-31,23.75
1973-06-01,23.625
1973-06-29,22.875
1973-07-02,22.625
1973-07-31,21.125
1973-08-01,20.25
1973-08-31,22.875
1973-09-04,22.625
1973-09-28,24.625
1973-10-01,24.75
1973-10-31,22.625
1973-11-01,22.75
1973-11-30,20.125
1973-12-03,19.0
1973-12-31,21.375
1974-01-02,21.25
1974-01-31,23.25
1974-02-01,22.875
1974-02-28,21.625
1974-03-01,21.5
1974-03-29,20.375
1974-04-01,20.0
1974-04-30,19.875
1974-05-01,19.875
1974-05-31,18.25
1974-06-03,18.625
1974-06-28,18.25
1974-07-01,18.25
1974-07-31,15.75
1974-08-01,15.25
1974-08-30,15.0
1974-09-03,15.0
1974-09-30,13.625
1974-10-01,13.25
1974-10-31,14.875
1974-11-01,14.75
1974-11-29,15.0
1974-12-02,14.75
1974-12-31,14.25
1975-01-02,14.75
1975-01-31,19.5
1975-02-03,19.0
1975-02-28,20.25
1975-03-03,19.875
1975-03-31,20.625
1975-04-01,19.75
1975-04-30,20.0
1975-05-01,20.125
1975-05-30,23.0
1975-06-02,23.25
1975-06-30,23.375
1975-07-01,22.875
1975-07-31,19.875
1975-08-01,19.75
1975-08-29,19.5
1975-09-02,19.5
1975-09-30,19.875
1975-10-01,19.75
1975-10-31,23.5
1975-11-03,23.25
1975-11-28,24.625
1975-12-01,24.375
1975-12-31,23.5
1976-01-02,23.75
1976-01-30,25.0
1976-02-02,24.625
1976-02-27,22.875
1976-03-01,22.875
1976-03-31,23.5
1976-04-01,23.75
1976-04-30,24.375
1976-05-03,24.25
1976-05-28,25.375
1976-06-01,25.375
1976-06-30,26.375
1976-07-01,26.0
1976-07-30,26.125
1976-08-02,26.125
1976-08-31,26.25
1976-09-01,26.5
1976-09-30,27.875
1976-10-01,27.75
1976-10-29,26.375
1976-11-01,26.5
1976-11-30,28.0
1976-12-01,27.875
1976-12-31,28.375
1977-01-03,28.125
1977-01-31,26.5
1977-02-01,27.25
1977-02-28,24.25
1977-03-01,24.625
1977-03-31,24.625
1977-04-01,24.875
1977-04-29,24.375
1977-05-02,24.375
1977-05-31,23.125
1977-06-01,23.25
1977-06-30,24.75
1977-07-01,24.875
1977-07-29,25.5
1977-08-01,25.5
1977-08-31,25.5
1977-09-01,25.5
1977-09-30,25.375
1977-10-03,25.75
1977-10-31,24.375
1977-11-01,23.875
1977-11-30,24.75
1977-12-01,25.0
1977-12-30,24.875
1978-01-03,24.75
1978-01-31,22.125
1978-02-01,22.5
1978-02-28,22.875
1978-03-01,22.75
1978-03-31,23.875
1978-04-03,23.75
1978-04-28,24.75
1978-05-01,24.75
1978-05-31,24.625
1978-06-01,24.75
1978-06-30,25.125
1978-07-03,25.125
1978-07-31,25.375
1978-08-01,25.375
1978-08-31,27.5
1978-09-01,27.375
1978-09-29,26.625
1978-10-02,26.375
1978-10-31,24.0
1978-11-01,24.75
1978-11-30,23.125
1978-12-01,23.875
1978-12-29,22.75
1979-01-02,22.625
1979-01-31,23.25
1979-02-01,23.5
1979-02-28,21.75
1979-03-01,21.875
1979-03-30,21.5
1979-04-02,21.25
1979-04-30,21.375
1979-05-01,21.25
1979-05-31,21.25
1979-06-01,21.0
1979-06-29,21.25
1979-07-02,21.0
1979-07-31,22.125
1979-08-01,22.125
1979-08-31,23.875
1979-09-04,23.375
1979-09-28,21.5
1979-10-01,21.375
1979-10-31,20.375
1979-11-01,20.625
1979-11-30,20.75
1979-12-03,20.75
1979-12-31,20.5
1980-01-02,20.375
1980-01-31,21.625
1980-02-01,21.75
1980-02-29,19.0
1980-03-03,18.375
1980-03-31,17.875
1980-04-01,18.75
1980-04-30,20.5
1980-05-01,20.5
1980-05-30,21.5
1980-06-02,21.125
1980-06-30,22.0
1980-07-01,22.0
1980-07-31,23.75
1980-08-01,23.75
1980-08-29,22.125
1980-09-02,22.25
1980-09-30,20.125
1980-10-01,20.0
1980-10-31,18.375
1980-11-03,18.875
1980-11-28,17.125
1980-12-01,17.25
1980-12-31,19.25
1981-01-02,19.375
1981-01-30,17.875
1981-02-02,17.625
1981-02-27,18.125
1981-03-02,18.25
1981-03-31,20.125
1981-04-01,19.75
1981-04-30,21.5
1981-05-01,21.625
1981-05-29,22.875
1981-06-01,22.25
1981-06-30,21.75
1981-07-01,21.375
1981-07-31,22.25
1981-08-03,22.0
1981-08-31,20.0
1981-09-01,20.25
1981-09-30,19.625
1981-10-01,20.0
1981-10-30,21.0
1981-11-02,21.0
1981-11-30,18.25
1981-12-01,18.25
1981-12-31,18.0
1982-01-04,18.0
1982-01-29,17.75
1982-02-01,17.625
1982-02-26,18.375
1982-03-01,18.25
1982-03-31,19.0
1982-04-01,19.375
1982-04-30,19.375
1982-05-03,19.625
1982-05-28,18.625
1982-06-01,18.25
1982-06-30,19.375
1982-07-01,19.375
1982-07-30,20.0
1982-08-02,20.5
1982-08-31,21.375
1982-09-01,21.375
1982-09-30,21.375
1982-10-01,21.5
1982-10-29,23.125
1982-11-01,23.5
1982-11-30,24.125
1982-12-01,24.125
1982-12-31,23.5
1983-01-03,23.125
1983-01-31,23.375
1983-02-01,23.25
1983-02-28,23.875
1983-03-01,24.5
1983-03-31,25.625
1983-04-04,25.5
1983-04-29,28.5
1983-05-02,27.375
1983-05-31,27.125
1983-06-01,27.125
1983-06-30,26.25
1983-07-01,26.0
1983-07-29,26.375
1983-08-01,26.375
1983-08-31,28.125
1983-09-01,28.25
1983-09-30,30.125
1983-10-03,30.0
1983-10-31,31.5
1983-11-01,32.0
1983-11-30,33.0
1983-12-01,32.75
1983-12-30,31.875
1984-01-03,31.875
1984-01-31,31.25
1984-02-01,32.125
1984-02-29,33.75
1984-03-01,35.0
1984-03-30,32.0
1984-04-02,31.25
1984-04-30,30.5
1984-05-01,30.75
1984-05-31,27.75
1984-06-01,28.375
1984-06-29,26.5
1984-07-02,26.5
1984-07-31,25.125
1984-08-01,26.25
1984-08-31,28.75
1984-09-04,28.375
1984-09-28,26.875
1984-10-01,26.75
1984-10-31,28.875
1984-11-01,29.125
1984-11-30,29.875
1984-12-03,29.5
1984-12-31,28.0
1985-01-02,28.375
1985-01-31,28.625
1985-02-01,28.75
1985-02-28,30.625
1985-03-01,30.625
1985-03-29,29.875
1985-04-01,30.25
1985-04-30,30.125
1985-05-01,29.625
1985-05-31,31.875
1985-06-03,31.625
1985-06-28,31.75
1985-07-01,31.625
1985-07-31,30.0
1985-08-01,30.375
1985-08-30,34.25
1985-09-03,34.0
1985-09-30,37.5
1985-10-01,38.875
1985-10-31,44.0
1985-11-01,43.75
1985-11-29,46.125
1985-12-02,45.875
1985-12-31,46.0
1986-01-02,46.25
1986-01-31,43.75
1986-02-03,45.125
1986-02-28,46.625
1986-03-03,46.75
1986-03-31,49.5
1986-04-01,49.5
1986-04-17,49.875
